0.0000	60.0000	0.0000
0.0520	59.9999	0.0000
0.1040	59.9996	0.0000
0.1561	59.9991	0.0000
0.2081	59.9985	0.0000
0.2601	59.9976	0.0000
0.3121	59.9966	0.0000
0.3641	59.9953	0.0000
0.4161	59.9939	0.0000
0.4681	59.9923	0.0000
0.5201	59.9905	0.0000
0.5721	59.9885	0.0000
0.6241	59.9863	0.0000
0.6761	59.9839	0.0000
0.7280	59.9813	0.0000
0.7800	59.9785	0.0000
0.8319	59.9756	0.0000
0.8839	59.9724	0.0000
0.9358	59.9691	0.0000
0.9877	59.9656	0.0000
1.0396	59.9619	0.0000
1.0915	59.9580	0.0000
1.1433	59.9539	0.0000
1.1952	59.9496	0.0000
1.2470	59.9451	0.0000
1.2988	59.9404	0.0000
1.3506	59.9356	0.0000
1.4024	59.9305	0.0000
1.4541	59.9253	0.0000
1.5059	59.9199	0.0000
1.5576	59.9142	0.0000
1.6093	59.9084	0.0000
1.6610	59.9024	0.0000
1.7126	59.8963	0.0000
1.7643	59.8899	0.0000
1.8159	59.8833	0.0000
1.8675	59.8766	0.0000
1.9190	59.8696	0.0000
1.9706	59.8625	0.0000
2.0221	59.8552	0.0000
2.0736	59.8477	0.0000
2.1250	59.8400	0.0000
2.1764	59.8321	0.0000
2.2278	59.8240	0.0000
2.2792	59.8157	0.0000
2.3305	59.8073	0.0000
2.3818	59.7987	0.0000
2.4331	59.7898	0.0000
2.4843	59.7808	0.0000
2.5355	59.7716	0.0000
2.5867	59.7622	0.0000
2.6378	59.7526	0.0000
2.6889	59.7429	0.0000
2.7400	59.7329	0.0000
2.7910	59.7228	0.0000
2.8420	59.7125	0.0000
2.8930	59.7019	0.0000
2.9439	59.6912	0.0000
2.9948	59.6804	0.0000
3.0456	59.6693	0.0000
3.0964	59.6580	0.0000
3.1471	59.6466	0.0000
3.1979	59.6349	0.0000
3.2485	59.6231	0.0000
3.2991	59.6111	0.0000
3.3497	59.5989	0.0000
3.4002	59.5866	0.0000
3.4507	59.5740	0.0000
3.5012	59.5612	0.0000
3.5516	59.5483	0.0000
3.6019	59.5352	0.0000
3.6522	59.5219	0.0000
3.7025	59.5084	0.0000
3.7527	59.4948	0.0000
3.8028	59.4809	0.0000
3.8529	59.4669	0.0000
3.9029	59.4526	0.0000
3.9529	59.4382	0.0000
4.0029	59.4237	0.0000
4.0528	59.4089	0.0000
4.1026	59.3939	0.0000
4.1524	59.3788	0.0000
4.2021	59.3635	0.0000
4.2517	59.3480	0.0000
4.3014	59.3323	0.0000
4.3509	59.3164	0.0000
4.4004	59.3004	0.0000
4.4498	59.2842	0.0000
4.4992	59.2678	0.0000
4.5485	59.2512	0.0000
4.5977	59.2344	0.0000
4.6469	59.2175	0.0000
4.6961	59.2003	0.0000
4.7451	59.1830	0.0000
4.7941	59.1655	0.0000
4.8431	59.1479	0.0000
4.8919	59.1300	0.0000
4.9407	59.1120	0.0000
4.9895	59.0938	0.0000
5.0381	59.0754	0.0000
5.0867	59.0568	0.0000
5.1353	59.0381	0.0000
5.1837	59.0192	0.0000
5.2321	59.0001	0.0000
5.2804	58.9808	0.0000
5.3287	58.9614	0.0000
5.3769	58.9417	0.0000
5.4250	58.9219	0.0000
5.4730	58.9020	0.0000
5.5210	58.8818	0.0000
5.5689	58.8615	0.0000
5.6167	58.8410	0.0000
5.6644	58.8203	0.0000
5.7121	58.7994	0.0000
5.7597	58.7784	0.0000
5.8072	58.7572	0.0000
5.8546	58.7358	0.0000
5.9020	58.7143	0.0000
5.9492	58.6925	0.0000
5.9964	58.6706	0.0000
6.4568	58.4559	0.0000
6.9172	58.2412	0.0000
7.3777	58.0265	0.0000
7.8381	57.8118	0.0000
8.2985	57.5972	0.0000
8.7589	57.3825	0.0000
9.2193	57.1678	0.0000
9.6797	56.9531	0.0000
10.1401	56.7384	0.0000
10.6006	56.5237	0.0000
11.0610	56.3090	0.0000
11.5214	56.0943	0.0000
11.9818	55.8796	0.0000
12.4422	55.6649	0.0000
12.9026	55.4502	0.0000
13.3631	55.2355	0.0000
13.8235	55.0208	0.0000
14.2839	54.8061	0.0000
14.7443	54.5914	0.0000
15.2047	54.3767	0.0000
15.6651	54.1620	0.0000
16.1255	53.9473	0.0000
16.5860	53.7326	0.0000
17.0464	53.5179	0.0000
17.5068	53.3033	0.0000
17.9672	53.0886	0.0000
18.4276	52.8739	0.0000
18.8880	52.6592	0.0000
19.3484	52.4445	0.0000
19.8089	52.2298	0.0000
20.2693	52.0151	0.0000
20.7297	51.8004	0.0000
21.1901	51.5857	0.0000
21.6505	51.3710	0.0000
22.1109	51.1563	0.0000
22.5713	50.9416	0.0000
23.0318	50.7269	0.0000
23.4922	50.5122	0.0000
23.9526	50.2975	0.0000
24.4130	50.0828	0.0000
24.8734	49.8681	0.0000
25.3338	49.6534	0.0000
25.7943	49.4387	0.0000
26.2547	49.2240	0.0000
26.7151	49.0094	0.0000
27.1755	48.7947	0.0000
27.6359	48.5800	0.0000
28.0963	48.3653	0.0000
28.5567	48.1506	0.0000
29.0172	47.9359	0.0000
29.4776	47.7212	0.0000
29.9380	47.5065	0.0000
30.3984	47.2918	0.0000
30.8588	47.0771	0.0000
31.3192	46.8624	0.0000
31.7796	46.6477	0.0000
32.2401	46.4330	0.0000
32.7005	46.2183	0.0000
33.1609	46.0036	0.0000
33.6213	45.7889	0.0000
34.0817	45.5742	0.0000
34.5421	45.3595	0.0000
35.0025	45.1448	0.0000
35.4630	44.9301	0.0000
35.9234	44.7155	0.0000
36.3838	44.5008	0.0000
36.8442	44.2861	0.0000
37.3046	44.0714	0.0000
37.7650	43.8567	0.0000
38.2255	43.6420	0.0000
38.6859	43.4273	0.0000
39.1463	43.2126	0.0000
39.6067	42.9979	0.0000
40.0671	42.7832	0.0000
40.5275	42.5685	0.0000
40.9879	42.3538	0.0000
41.4484	42.1391	0.0000
41.9088	41.9244	0.0000
42.3692	41.7097	0.0000
42.8296	41.4950	0.0000
43.2900	41.2803	0.0000
43.7504	41.0656	0.0000
44.2108	40.8509	0.0000
44.6713	40.6363	0.0000
45.1317	40.4216	0.0000
45.5921	40.2069	0.0000
46.0525	39.9922	0.0000
46.5129	39.7775	0.0000
46.9733	39.5628	0.0000
47.4337	39.3481	0.0000
47.8942	39.1334	0.0000
48.3546	38.9187	0.0000
48.8150	38.7040	0.0000
49.2754	38.4893	0.0000
49.7358	38.2746	0.0000
50.1962	38.0599	0.0000
50.6567	37.8452	0.0000
51.1171	37.6305	0.0000
51.5775	37.4158	0.0000
52.0379	37.2011	0.0000
52.4983	36.9864	0.0000
52.9587	36.7717	0.0000
53.4191	36.5570	0.0000
53.8796	36.3424	0.0000
54.3400	36.1277	0.0000
54.8004	35.9130	0.0000
55.2608	35.6983	0.0000
55.7212	35.4836	0.0000
56.1816	35.2689	0.0000
56.6420	35.0542	0.0000
57.1025	34.8395	0.0000
57.5629	34.6248	0.0000
58.0233	34.4101	0.0000
58.4837	34.1954	0.0000
58.9441	33.9807	0.0000
59.4045	33.7660	0.0000
59.8649	33.5513	0.0000
60.3254	33.3366	0.0000
60.7858	33.1219	0.0000
61.2462	32.9072	0.0000
61.7066	32.6925	0.0000
62.1670	32.4778	0.0000
62.6274	32.2631	0.0000
63.0879	32.0485	0.0000
63.5483	31.8338	0.0000
64.0087	31.6191	0.0000
64.4691	31.4044	0.0000
64.9295	31.1897	0.0000
65.3899	30.9750	0.0000
65.8503	30.7603	0.0000
66.3108	30.5456	0.0000
66.7712	30.3309	0.0000
67.2316	30.1162	0.0000
67.6920	29.9015	0.0000
68.1524	29.6868	0.0000
68.6128	29.4721	0.0000
69.0732	29.2574	0.0000
69.5337	29.0427	0.0000
69.9941	28.8280	0.0000
70.4545	28.6133	0.0000
70.9149	28.3986	0.0000
71.3753	28.1839	0.0000
71.8357	27.9692	0.0000
72.2961	27.7546	0.0000
72.7566	27.5399	0.0000
73.2170	27.3252	0.0000
73.6774	27.1105	0.0000
74.1378	26.8958	0.0000
74.5982	26.6811	0.0000
75.0586	26.4664	0.0000
75.5191	26.2517	0.0000
75.9795	26.0370	0.0000
76.4399	25.8223	0.0000
76.9003	25.6076	0.0000
77.3607	25.3929	0.0000
77.8211	25.1782	0.0000
78.2815	24.9635	0.0000
78.7420	24.7488	0.0000
79.2024	24.5341	0.0000
79.2498	24.5122	0.0000
79.2973	24.4905	0.0000
79.3450	24.4691	0.0000
79.3927	24.4479	0.0000
79.4406	24.4270	0.0000
79.4886	24.4064	0.0000
79.5367	24.3860	0.0000
79.5849	24.3659	0.0000
79.6333	24.3461	0.0000
79.6817	24.3265	0.0000
79.7303	24.3072	0.0000
79.7789	24.2882	0.0000
79.8277	24.2694	0.0000
79.8766	24.2509	0.0000
79.9255	24.2327	0.0000
79.9746	24.2148	0.0000
80.0237	24.1971	0.0000
80.0730	24.1797	0.0000
80.1224	24.1625	0.0000
80.1718	24.1457	0.0000
80.2213	24.1291	0.0000
80.2710	24.1128	0.0000
80.3207	24.0967	0.0000
80.3705	24.0810	0.0000
80.4204	24.0655	0.0000
80.4704	24.0503	0.0000
80.5205	24.0353	0.0000
80.5706	24.0207	0.0000
80.6208	24.0063	0.0000
80.6711	23.9922	0.0000
80.7215	23.9784	0.0000
80.7720	23.9648	0.0000
80.8225	23.9515	0.0000
80.8731	23.9385	0.0000
80.9238	23.9258	0.0000
80.9745	23.9134	0.0000
81.0253	23.9012	0.0000
81.0762	23.8894	0.0000
81.1272	23.8778	0.0000
81.1782	23.8665	0.0000
81.2292	23.8555	0.0000
81.2804	23.8447	0.0000
81.3315	23.8342	0.0000
81.3828	23.8241	0.0000
81.4341	23.8142	0.0000
81.4854	23.8046	0.0000
81.5368	23.7952	0.0000
81.5883	23.7862	0.0000
81.6398	23.7774	0.0000
81.6914	23.7690	0.0000
81.7430	23.7608	0.0000
81.7946	23.7529	0.0000
81.8463	23.7452	0.0000
81.8980	23.7379	0.0000
81.9498	23.7309	0.0000
82.0016	23.7241	0.0000
82.0534	23.7176	0.0000
82.1053	23.7114	0.0000
82.1572	23.7055	0.0000
82.2092	23.6999	0.0000
82.2611	23.6946	0.0000
82.3131	23.6895	0.0000
82.3652	23.6848	0.0000
82.4172	23.6803	0.0000
82.4693	23.6761	0.0000
82.5214	23.6723	0.0000
82.5735	23.6686	0.0000
82.6256	23.6653	0.0000
82.6778	23.6623	0.0000
82.7300	23.6596	0.0000
82.7822	23.6571	0.0000
82.8344	23.6549	0.0000
82.8866	23.6531	0.0000
82.9388	23.6515	0.0000
82.9910	23.6502	0.0000
83.0433	23.6492	0.0000
83.0955	23.6485	0.0000
83.1477	23.6480	0.0000
83.2000	23.6479	0.0000
83.8063	23.6479	0.0000
84.4127	23.6479	0.0000
85.0190	23.6479	0.0000
85.6254	23.6479	0.0000
86.2318	23.6479	0.0000
86.8381	23.6479	0.0000
87.4445	23.6479	0.0000
88.0508	23.6479	0.0000
88.6572	23.6479	0.0000
89.2635	23.6479	0.0000
89.8699	23.6479	0.0000
90.4763	23.6479	0.0000
91.0826	23.6479	0.0000
91.6890	23.6479	0.0000
92.2953	23.6479	0.0000
92.9017	23.6479	0.0000
93.5080	23.6479	0.0000
94.1144	23.6479	0.0000
94.7207	23.6479	0.0000
95.3271	23.6479	0.0000
95.9335	23.6479	0.0000
96.5398	23.6479	0.0000
97.1462	23.6479	0.0000
97.7525	23.6479	0.0000
98.3589	23.6479	0.0000
98.9652	23.6479	0.0000
99.5716	23.6479	0.0000
100.1779	23.6479	0.0000
100.7843	23.6479	0.0000
101.3907	23.6479	0.0000
101.9970	23.6479	0.0000
102.6034	23.6479	0.0000
103.2097	23.6479	0.0000
103.8161	23.6479	0.0000
104.4224	23.6479	0.0000
105.0288	23.6479	0.0000
105.6352	23.6479	0.0000
106.2415	23.6479	0.0000
106.8479	23.6479	0.0000
